550 85 232 245 215 272 209 178 224 378 220 330
-1 400 223 142 133 196 282 198 207 262 377 270
575 301 373 171 168 67 160 63  120 355 187 417
-1 490   186  216  86 235 228 3   122 149 200  304
455 241 398 182 126 52  35  64   47   118 356 385
-1 526 214 233 151 132 81 259  181 45 139 90
479 240 370 222 201 58 154 191 309 212 239 532
695 445 184 265 97 283 93 221 130 290 275 326
456 281 318 174 157 92 217 273 350 165 261 234
-1 316 256 249 74 107 266 472 402 254 102 136
286 141 208 180 231 159 106 452 448 230 227 315
482 189 27 114 84 124 96 329 288 287 204 144
131 71 211 26 105 54 9  162 323 152 163 582
22   43 19   61 10   30 32 13   70   153 145 167
56   7   18   5    8    33 55 62  150 24    244 488
16   28 77   6   17   79 48 50   42  100  242 197
23   51 21  40  14   15 68 95   82  110  295 426
87   80 34  41  53  109 169 161 351 331 264 369
117 65 127 78 138 164 170 390 608    314  366 308
193 66 173 172 202 179 346 128 367 269 185 473
135 113 148 119 147 134 251 213 292 255 260 349 
39 83 46 75 60 236 12 104 121 226 278 384
37 72 38 88 112 25 140 36 129 206 195 205
176 177 59 73 31 190 57 146 115 248 300 471
175 155 125 137 89 69 91 291 311 294 274 238
219 116 183 243 99 192 98 277 368 338 343 666
322 414 271 257 253 194 298 328 299 359 354 483
413 392 371 306 303 293 333 362 297 341 397 -1
521 465 504 457 280 405 312 258 284 324 429 547
492 533 494 441 408 458 335 418 289 382 415 711
693 522 446 499 388 440 307 454 332 404 423 460
621 466 467 486 419 433 430 443 391 552 364 531
-1 545 549 538 485 502 489 420 541 389 567 379
736 559 593 524 474 459 447 503 464 437 263 671
-1 604 662 565 534 334 528 562 517 403 600 410
713 594 619 506 561 607 434 461 396 586 406 663
-1 597 615  633 442 523 564 395 628 527 609 -1
728 568 536 535 581 510 570 498 501 679 -1 665
-1 729 555 601 435 563 540 544 583 -1 632 -1
712 620 516 587 566 634 606 650 -1 678 438 724
-1 735   -1    -1     -1  596 -1  631  -1  670 -1 673