[[ 6.12724481e-02, -9.15571119e-01,  2.79356122e+02],
 [ 9.73824363e-03, -1.34687280e+00,  2.19496834e+02],
 [-3.28646032e-04, -3.12369542e-03,  1.00000000e+00]],

[[ 1.57170417e-01, -2.29798680e+00,  6.95260883e+02],
 [-2.36159085e-01, -6.38762188e-01, -2.63902259e+02],
 [-1.19941565e-03, -2.98592429e-03,  1.00000000e+00]],

[[ 2.68808728e-02, -5.46361741e-01,  1.77166639e+02],
 [-7.89399071e-02, -1.43309858e+00,  4.90343070e+02],
 [-2.55477292e-04, -2.58130865e-03,  1.00000000e+00]],

[[ 2.79962477e-02, -5.45539220e-01,  1.74674649e+02],
 [-7.62539576e-02, -1.42258293e+00,  4.73091257e+02],
 [-2.61139143e-04, -2.61446740e-03,  1.00000000e+00]],

[[ 3.48284928e-02, -5.55151174e-01,  1.75508476e+02],
 [-5.40165083e-02, -1.47463614e+00,  4.90474939e+02],
 [-2.17049789e-04, -2.64532455e-03,  1.00000000e+00]],

[[ 3.84912241e-02, -5.57808166e-01,  1.74378193e+02],
 [-5.49986770e-02, -1.46403487e+00,  4.88213871e+02],
 [-2.13058301e-04, -2.64660055e-03,  1.00000000e+00]],

[[ 3.89747080e-02, -5.63248293e-01,  1.74659566e+02],
 [-7.82324998e-02, -1.43044737e+00,  4.80965354e+02],
 [-2.58803987e-04, -2.60620624e-03,  1.00000000e+00]],

[[ 2.94753764e-02, -5.46908769e-01,  1.72543147e+02],
 [-1.38132581e-01, -1.35415370e+00,  4.80225674e+02],
 [-3.46053241e-04, -2.49762585e-03,  1.00000000e+00]],

[[ 4.86990443e-02, -5.63809918e-01,  1.69357159e+02],
 [-1.00725418e-01, -1.39860177e+00,  4.77655485e+02],
 [-2.86949612e-04, -2.57611559e-03,  1.00000000e+00]],

[[-1.42407675e-02, -5.02282053e-01,  1.69784513e+02],
 [-2.81949110e-01, -1.24574765e+00,  4.90920888e+02],
 [-5.52328857e-04, -2.31058917e-03,  1.00000000e+00]],

