[[ 1.34444602e-01, -9.56405334e-01,  1.71105242e+02],
 [-2.91063395e-02, -1.83871644e+00,  5.16669064e+02],
 [ 4.05747294e-05, -3.43415062e-03,  1.00000000e+00]],

[[ 3.43379645e-02, -7.29552863e-01,  1.99606623e+02],
 [-1.69857074e-01, -1.41806618e+00,  5.52932031e+02],
 [-2.02149966e-04, -2.61798896e-03,  1.00000000e+00]],

[[ 2.61433613e-02, -7.24822142e-01,  2.03597432e+02],
 [-1.84717202e-01, -1.41091175e+00,  5.60641364e+02],
 [-2.13889519e-04, -2.60002597e-03,  1.00000000e+00]],

[[ 4.88320397e-02, -7.65744197e-01,  1.91435775e+02],
 [-1.70680565e-01, -1.49434679e+00,  5.59453596e+02],
 [-1.69508234e-04, -2.76952403e-03,  1.00000000e+00]],

[[-1.61728915e-02, -7.00261809e-01,  2.25905680e+02],
 [-2.32132781e-01, -1.35459560e+00,  5.76450316e+02],
 [-2.82781585e-04, -2.46401938e-03,  1.00000000e+00]],

[[-7.75619829e-03, -7.35817552e-01,  2.31655825e+02],
 [-2.14028613e-01, -1.40799658e+00,  5.80895467e+02],
 [-2.43886820e-04, -2.54633408e-03,  1.00000000e+00]],

[[-3.01582858e-02, -7.59873956e-01,  2.67962509e+02],
 [-2.03825604e-01, -1.38644067e+00,  5.87999984e+02],
 [-2.47346848e-04, -2.45981838e-03,  1.00000000e+00]],

[[ 1.98209879e-01, -7.05062005e-01,  2.24207115e+01],
 [-1.21383897e-01, -1.73414412e+00,  5.35168427e+02],
 [ 2.66149118e-05, -3.39734447e-03,  1.00000000e+00]],

[[ 8.93904954e-02, -6.27263413e-01,  7.28791647e+01],
 [-2.06717154e-01, -1.48279286e+00,  5.14226626e+02],
 [-1.62116919e-04, -3.01330277e-03,  1.00000000e+00]],

[[-2.29091453e-01, -1.03691858e+00,  5.45507513e+02],
 [-2.44817423e-01, -1.25848717e+00,  6.47878383e+02],
 [-4.22514267e-04, -1.88519497e-03,  1.00000000e+00]],

