[[ 1.91439661e-01,  7.28932859e+00, -2.44279634e+03],
 [-5.25834526e+00,  1.00147549e+01,  2.85679026e+03],
 [-2.90453074e-03,  2.71887047e-02,  1.00000000e+00]],

[[-4.17422294e-01, -1.52292623e+01,  5.12503183e+03],
 [ 9.64576520e+00, -2.02024147e+01, -4.89598116e+03],
 [ 2.95949924e-03, -5.63517902e-02,  1.00000000e+00]],

[[-5.52176952e-01, -1.47732130e+01,  5.11448953e+03],
 [ 9.85737370e+00, -2.08929712e+01, -4.67800952e+03],
 [ 5.58902882e-03, -6.07891671e-02,  1.00000000e+00]],

[[-9.67930426e-02, -4.89746216e+00,  1.62548275e+03],
 [ 2.97236563e+00, -6.72143938e+00, -1.33452106e+03],
 [ 1.00942378e-03, -1.95685340e-02,  1.00000000e+00]],

[[-1.39341346e-01, -3.65103393e+00,  1.26443614e+03],
 [ 2.09602467e+00, -4.92772720e+00, -9.44965365e+02],
 [ 1.97273078e-04, -1.42309720e-02,  1.00000000e+00]],

[[-1.06650051e-01, -3.85156274e+00,  1.30276264e+03],
 [ 2.15464791e+00, -5.10873969e+00, -9.86152308e+02],
 [ 1.66786626e-04, -1.47778870e-02,  1.00000000e+00]],

[[-1.08255339e-01, -2.54491588e+00,  8.87820811e+02],
 [ 1.26643469e+00, -3.34109924e+00, -5.52909376e+02],
 [-4.19586989e-04, -9.66479551e-03,  1.00000000e+00]],

[[-7.14455403e-02, -2.38706393e+00,  8.12461024e+02],
 [ 1.14862634e+00, -3.11223858e+00, -4.99634537e+02],
 [-5.12620987e-04, -9.01083735e-03,  1.00000000e+00]],

[[-8.47588512e-02, -1.44494683e+00,  5.17705430e+02],
 [ 4.72845242e-01, -1.87390781e+00, -1.68500648e+02],
 [-9.57019718e-04, -5.43833468e-03,  1.00000000e+00]],

[[-7.66211076e-02, -1.18358570e+00,  4.28016557e+02],
 [ 2.78292350e-01, -1.54177012e+00, -7.43080070e+01],
 [-1.07846765e-03, -4.49397776e-03,  1.00000000e+00]],

[[-8.70403354e-02, -1.09346379e+00,  4.04223414e+02],
 [ 2.05047565e-01, -1.41044986e+00, -4.65248657e+01],
 [-1.15560316e-03, -4.13070084e-03,  1.00000000e+00]],

[[-5.44321065e-02, -1.24702876e+00,  4.38034064e+02],
 [ 3.35437123e-01, -1.58935589e+00, -1.19856816e+02],
 [-1.10965679e-03, -4.67035561e-03,  1.00000000e+00]],

[[-7.21511398e-02, -1.04813929e+00,  3.80610093e+02],
 [ 1.68036521e-01, -1.35503142e+00, -3.84621197e+01],
 [-1.21859784e-03, -3.98454078e-03,  1.00000000e+00]],

[[-8.44484821e-02, -8.67255080e-01,  3.25987557e+02],
 [ 1.76156249e-02, -1.19668669e+00,  5.64720630e+01],
 [-1.24092423e-03, -3.44518510e-03,  1.00000000e+00]],

[[-6.95290827e-02, -9.31051354e-01,  3.41229410e+02],
 [ 1.02164879e-01, -1.26055725e+00,  1.33432979e+01],
 [-1.19202616e-03, -3.67837877e-03,  1.00000000e+00]],

[[-6.58973773e-02, -9.81727471e-01,  3.57113347e+02],
 [ 1.67598527e-01, -1.29913571e+00, -1.91989113e+01],
 [-1.15876647e-03, -3.82989710e-03,  1.00000000e+00]],

[[-1.47305192e-02, -1.42719872e+00,  4.89474165e+02],
 [ 7.37592367e-01, -1.56967882e+00, -3.47814031e+02],
 [-9.75384797e-04, -5.16207912e-03,  1.00000000e+00]],

[[-1.19515577e-01, -1.11306833e+00,  4.18733898e+02],
 [ 2.21423803e-01, -1.36016091e+00, -5.88876582e+01],
 [-1.16529283e-03, -4.03610482e-03,  1.00000000e+00]],

