[[-6.50438052e-01, -2.10810906e+00, -2.84556633e+02],
 [-2.18457385e+00, -3.15000742e+00,  1.46594606e+03],
 [-1.20616226e-03, -8.60623553e-03,  1.00000000e+00]],

[[-5.85824705e-01, -1.26990716e+00,  1.08776208e+02],
 [-1.08383451e+00, -1.53129133e+00,  7.42427382e+02],
 [-1.25792048e-03, -4.60180988e-03,  1.00000000e+00]],

[[-4.89090480e-01, -1.37005419e+00,  6.80781959e+01],
 [-1.09932863e+00, -1.65651481e+00,  7.78361118e+02],
 [-1.07286576e-03, -5.01348565e-03,  1.00000000e+00]],

[[-5.05565892e-01, -1.98446086e+00, -8.28280623e+01],
 [-1.49451656e+00, -2.47332182e+00,  1.07008815e+03],
 [-8.44002206e-04, -7.38270750e-03,  1.00000000e+00]],

[[-5.38383804e-01, -1.61635069e+00, -4.69200322e+01],
 [-1.35093212e+00, -2.06202611e+00,  9.30952654e+02],
 [-1.14629922e-03, -6.15673397e-03,  1.00000000e+00]],

[[-5.20758529e-01, -2.15566819e+00, -2.65564591e+02],
 [-1.75053091e+00, -2.84417258e+00,  1.19206322e+03],
 [-1.09493701e-03, -8.47001622e-03,  1.00000000e+00]],

[[-5.07873174e-01, -1.41228868e+00, -1.28326120e+01],
 [-1.18065504e+00, -1.79397845e+00,  8.15772448e+02],
 [-1.16690827e-03, -5.42464677e-03,  1.00000000e+00]],

[[-1.12292714e+00,  4.22532676e+00,  1.97365986e+03],
 [ 1.99985415e+00,  5.60794853e+00, -1.37317848e+03],
 [-2.43541213e-03,  1.69865414e-02,  1.00000000e+00]],

[[ 4.76421438e-01, -7.40627553e+00, -2.05971148e+03],
 [-4.14907922e+00, -9.54209285e+00,  3.02299123e+03],
 [ 7.61760896e-04, -2.87152878e-02,  1.00000000e+00]],

[[ 3.93050838e-01, -5.65855304e+00, -1.47870293e+03],
 [-3.16700098e+00, -7.17273545e+00,  2.35091818e+03],
 [ 4.32979778e-04, -2.16509110e-02,  1.00000000e+00]],

[[ 3.25197215e+01, -1.66685375e+02, -5.21873021e+04],
 [-6.88847767e+01, -2.05891575e+02,  5.47056177e+04],
 [ 6.14926013e-02, -6.20402899e-01,  1.00000000e+00]],

[[-2.18071248e+00,  7.56138538e+00,  2.80407494e+03],
 [ 2.41297304e+00,  9.16802485e+00, -1.95785130e+03],
 [-4.15372388e-03,  2.75698374e-02,  1.00000000e+00]],

[[-1.07993299e+00,  2.44698250e+00,  1.17275144e+03],
 [ 3.35191956e-01,  2.92743444e+00, -2.89131618e+02],
 [-2.15881982e-03,  8.67815296e-03,  1.00000000e+00]],

[[-9.91787429e-01,  2.94687517e+00,  1.57627476e+03],
 [ 1.17631369e+00,  3.77630025e+00, -6.99807344e+02],
 [-1.87045052e-03,  1.16816121e-02,  1.00000000e+00]],

[[-6.71712076e-01,  1.13723786e+00,  9.00122828e+02],
 [ 1.68435718e-01,  1.44999163e+00,  2.22989654e+01],
 [-1.31860248e-03,  4.47490515e-03,  1.00000000e+00]],

[[-7.31060806e-01,  9.43311461e-02, -2.33198230e+02],
 [-2.29144842e+00, -8.42449603e-02,  1.28259596e+03],
 [-2.00167256e-03, -2.46932169e-03,  1.00000000e+00]],

[[-6.15967257e-01,  5.53273154e-01,  5.42880329e+02],
 [-5.93117613e-01,  7.25165155e-01,  4.72972263e+02],
 [-1.29307778e-03,  1.52577251e-03,  1.00000000e+00]],

[[-2.25869213e-01, -2.30684351e-01,  9.34330585e+02],
 [ 7.72722123e-01, -1.20995325e-01, -3.92511614e+01],
 [-1.39874972e-04,  1.11269898e-03,  1.00000000e+00]],

