[[-1.92952412e+00, -2.40174986e+00,  1.40160494e+03],
 [ 1.96168024e-01, -2.03881439e+00,  5.60720278e+02],
 [-1.29825543e-03, -6.58650162e-03,  1.00000000e+00]],

[[-1.01221619e+00, -1.26067072e+00,  7.35004390e+02],
 [-5.31045226e-02, -1.29835782e+00,  4.22741280e+02],
 [-1.18847126e-03, -4.37077998e-03,  1.00000000e+00]],

[[-4.54035069e+00, -5.73502722e+00,  3.31374902e+03],
 [ 3.67335771e-01, -5.39696769e+00,  1.52957664e+03],
 [-5.28970998e-04, -1.49151358e-02,  1.00000000e+00]],

[[-1.12028783e+00, -1.44560718e+00,  8.29934823e+02],
 [ 2.32867623e-02, -1.39553005e+00,  4.24565348e+02],
 [-1.04712484e-03, -4.82547698e-03,  1.00000000e+00]],

[[-1.57934820e+00, -2.05002392e+00,  1.16783571e+03],
 [ 7.52478635e-02, -1.98760603e+00,  5.86198980e+02],
 [-9.27270040e-04, -6.40691014e-03,  1.00000000e+00]],

[[-1.78387153e+00, -2.30232785e+00,  1.29786688e+03],
 [ 1.02698132e-01, -2.29682622e+00,  6.65999744e+02],
 [-1.14404804e-03, -7.13002862e-03,  1.00000000e+00]],

[[-1.44792456e+00, -1.92530884e+00,  1.07392205e+03],
 [ 4.24260934e-02, -1.91586418e+00,  5.76377038e+02],
 [-1.07043645e-03, -6.13834610e-03,  1.00000000e+00]],

[[-1.29850582e+00, -1.77897332e+00,  9.77992897e+02],
 [ 5.99639994e-02, -1.74653603e+00,  5.15199756e+02],
 [-1.01336042e-03, -5.78416746e-03,  1.00000000e+00]],

[[-1.58815784e+00, -2.34561172e+00,  1.21967774e+03],
 [ 1.11799807e-01, -2.34494217e+00,  6.75625460e+02],
 [-7.77066181e-04, -7.62530058e-03,  1.00000000e+00]],

[[-1.59490190e+00, -2.44537154e+00,  1.23785386e+03],
 [ 1.03059354e-01, -2.46029881e+00,  7.16902776e+02],
 [-7.01510148e-04, -8.00302032e-03,  1.00000000e+00]],

[[-1.76373191e+00, -2.76707889e+00,  1.36778446e+03],
 [ 1.18371593e-01, -2.81402094e+00,  8.19392636e+02],
 [-6.21917664e-04, -9.06678630e-03,  1.00000000e+00]],

[[-2.46447487e+00, -4.14532568e+00,  1.92405276e+03],
 [ 2.19157221e-01, -4.25936817e+00,  1.21497911e+03],
 [-2.01565528e-04, -1.36029720e-02,  1.00000000e+00]],

[[-1.06023879e+01, -2.16915768e+01,  8.59604189e+03],
 [ 1.85328605e+00, -2.21993489e+01,  5.86258975e+03],
 [ 5.69401011e-03, -7.13749577e-02,  1.00000000e+00]],

[[ 2.70891489e-01,  1.02736255e+00, -1.46678627e+02],
 [-2.89366382e-01,  1.24007084e+00, -1.91140191e+02],
 [-1.38070933e-03,  3.47485165e-03,  1.00000000e+00]],

[[-2.69601217e+00, -2.51027867e+00,  1.72710412e+03],
 [-2.60742579e-01, -3.25174918e+00,  1.25614954e+03],
 [-1.61813652e-03, -8.86618791e-03,  1.00000000e+00]],

[[ 3.05527849e+00,  7.75327983e+00, -2.57803522e+03],
 [-7.85884945e-01,  7.82867121e+00, -1.96502820e+03],
 [-4.15564414e-03,  2.56811396e-02,  1.00000000e+00]],

[[ 4.79975654e+00,  1.19852366e+01, -4.12847374e+03],
 [-1.02733582e+00,  1.19011203e+01, -3.12644106e+03],
 [-5.96185744e-03,  3.95953716e-02,  1.00000000e+00]],

[[ 1.81328687e+00,  5.08132950e+00, -1.54735681e+03],
 [-5.87096192e-01,  5.12063817e+00, -1.22153396e+03],
 [-3.20979484e-03,  1.68954859e-02,  1.00000000e+00]],

[[ 6.54969560e-01,  2.63241963e+00, -5.56410720e+02],
 [-2.76327535e-01,  2.55319110e+00, -6.22093764e+02],
 [-2.17335807e-03,  8.62932002e-03,  1.00000000e+00]],

[[ 2.73232484e+00,  4.67763474e+00, -1.93115694e+03],
 [-3.68684138e-01,  5.53742776e+00, -1.55835499e+03],
 [-2.40840855e-03,  1.67423275e-02,  1.00000000e+00]],

